293
327096
195903
843272
28778
684640
171142
404662
85640
650419
922385
627523
498143
811678
490235
475777
156195
159056
118584
98143
737709
32567
884904
421195
513055
698208
251247
255334
17859
890994
622069
911409
367303
964374
261754
665979
692516
16823
441826
579518
25319
203610
39786
752405
905593
131350
141810
890774
87915
501756
936564
83703
183676
880020
941343
42115
417874
127965
740278
839117
143220
407320
401909
225256
300536
162957
694453
977096
184999
559834
448399
72217
28302
126820
366632
722941
770094
868848
870009
105916
955370
264753
824134
274434
2968
941661
641148
125625
600265
693696
404201
286969
429967
880272
333333
753985
208351
938095
425872
432103
345667
439722
54929
702236
844406
93629
480162
989736
453000
70492
55419
60741
781443
785414
961350
914918
115853
242249
361624
455210
271715
292512
762059
448511
391818
944953
32926
246202
35730
691671
601215
409676
15508
809915
112787
128782
93592
386727
665449
447871
459708
414397
2888
868083
73335
809262
653183
600486
31617
79027
623564
876436
812938
376020
875752
900939
836738
940286
900280
385859
254929
129820
132050
784931
760213
762193
635866
502819
477409
270555
277039
923837
291731
794986
661259
245523
816518
782933
116619
303308
651584
870397
23552
263849
824872
472726
857670
134045
528159
388857
761231
27748
961985
485133
658703
737865
639315
988591
590712
28990
326747
697045
171127
808355
751757
68218
487468
924231
801214
556470
704394
293892
73026
191191
48207
112016
510018
860503
332447
402099
245839
258993
564205
663161
797744
933286
754244
987576
974818
619425
672782
261481
648480
965442
695216
636877
253061
597453
659796
803830
459577
136573
467915
887681
292344
547824
416908
456922
868141
221040
522604
276111
869590
644362
454066
845834
163849
653842
902771
581062
838428
418838
875589
180647
555147
407488
890484
786929
353853
549581
563391
58205
184988
532686
827566
884481
887808
307334
263417
905187
73024
962640
444632
557228
773411
518601
142649
339867
533700
473336
859630
561542
445048
529168
