262
285888
103254
243463
185864
852601
659955
7568
175946
961100
345091
364307
784893
654196
388429
487828
913204
502043
460771
16763
186861
367619
486555
13048
280278
193551
618443
710481
889844
146750
296365
97526
437694
427123
572765
881991
42599
185444
680481
945656
183434
694082
245588
824779
593152
963900
514271
978562
619275
163627
508822
749343
403337
120911
256634
960140
805703
200725
937366
208089
69039
804527
455034
428514
255624
536068
272702
530611
892020
738834
630368
51546
391411
160347
57734
48587
437268
51991
936356
568206
689835
727169
613125
85704
356271
722560
152141
922318
475589
28699
203600
967288
303164
411026
731227
131426
367103
455577
438419
715913
794444
248444
629069
922919
764188
553036
460526
473998
777516
993372
715208
877326
708616
153600
259017
646894
218082
305801
450588
178896
418002
99897
893385
674985
524523
830733
558301
372527
715043
996673
288967
413545
719981
172196
74844
278330
866923
165377
186908
482155
557425
876966
886086
384522
61593
50817
735257
949057
97395
525169
567542
614797
168763
784781
530019
273146
805828
859681
486063
471967
50636
482365
814642
148238
746377
981064
194053
894071
773360
24075
315566
889975
298955
922030
515863
49499
289451
233918
997204
91901
403066
686626
86485
934724
468922
800512
855570
124117
918030
939684
425559
503455
689119
293030
698599
310470
949394
743241
890543
261395
661398
914408
465180
767872
101326
267741
900662
210727
346736
964653
378645
442048
314991
534135
730866
275529
72324
654500
63781
85004
233032
93826
358420
883085
668898
397499
72892
676337
630215
321927
183295
767594
660776
951728
677647
557207
239548
301578
901757
220577
321657
848387
132075
854223
209583
411264
736132
587580
63465
783588
899447
100800
264457
649903
801218
209145
304084
902580
419867
950456
96476
161249
12701
