260
528016
626027
714127
577544
780583
819232
95418
112708
52769
290596
888557
783694
136338
450472
299076
687491
988094
856255
805740
300884
825288
891600
51003
364036
711921
620891
7889
445985
859060
500658
712739
453841
709438
263055
319866
62431
207493
568382
607120
306149
933044
191029
42218
738824
869325
401759
62717
926387
979530
12036
355371
218864
823292
812762
239451
483492
725713
276273
457093
319329
281188
980430
504308
489019
68612
184643
872262
272578
503117
835365
301486
973273
63912
625654
702637
425569
585902
367044
310856
533340
165698
900226
511333
555948
456198
768800
542226
52743
107426
40970
492890
14852
921419
800001
240584
335330
317354
268393
459497
126654
283338
648079
820986
296291
533776
790070
144773
74221
944085
629896
720017
885429
65976
698305
126
576991
461865
227215
473641
966268
951532
412405
401776
160742
525620
255718
554367
201037
548491
763725
791999
612579
90129
26840
743172
506999
145954
496676
864260
260435
132420
759222
961571
747194
355577
114533
781414
713941
852400
763133
557973
80540
800223
123777
314936
419574
919677
833650
829340
107264
688283
21727
566367
420602
423914
851232
132002
223348
949013
152246
866019
83238
802788
934071
120346
526742
544187
448413
141005
477112
138124
710063
483487
95161
274686
761061
443698
509085
469995
357121
300618
635610
960739
134474
933383
605198
221446
946851
328449
457032
110579
505684
173612
693235
267025
489121
137688
70575
219907
820137
251009
407361
787043
645000
381197
117920
584245
723636
510692
397571
393227
966989
854523
736021
754869
119202
157450
184450
635895
852884
250618
81891
805869
470267
846306
662091
272373
991470
835888
737581
292847
745139
71167
222725
717659
694044
847092
118614
163502
72936
264694
348353
733840
208361
436749
409593
374580
551741
189953
200793
