215
635194
497049
983351
134818
347901
796523
106354
437424
994772
166604
968956
353580
413341
746584
922334
888430
318410
418190
888991
974986
903823
868719
266284
962012
148027
584799
359793
508388
398833
571124
755496
973204
418349
531864
909866
168175
470118
682775
971540
960048
642319
923021
798347
149076
103473
820765
320123
171318
44175
504127
663979
963069
104331
455721
361697
965746
19947
260197
75574
31333
381542
201587
684387
57596
337895
629698
535350
188195
547604
154044
628510
664108
962237
49881
213150
883982
252992
418360
31555
582495
268215
846645
244046
398478
748095
713157
554039
572731
31526
694897
15862
141687
621857
839819
125906
258009
977901
788022
54681
481841
700690
362051
573494
971106
193617
875215
739691
449319
354271
111043
858343
639817
79718
133876
697281
591678
87878
604173
454871
723180
136420
460211
828124
474193
751009
641618
550644
250498
760342
397435
232001
277608
238775
914362
869055
615410
778886
405655
355870
165047
707389
664974
976962
310753
442415
933108
833655
383334
64646
751665
524674
927115
824895
122115
715351
228982
676232
244336
81640
371676
866253
300810
991497
266890
192303
131154
19258
910038
471765
480519
214870
18121
950200
577848
988010
498529
240012
541719
863200
238177
27263
120702
63383
18492
3051
577608
532748
275783
192527
362843
845102
883666
569034
534081
966630
497385
704605
275897
424803
438320
910968
774993
373818
164083
557181
160074
101976
324945
726296
221913
995605
843716
745646
574780
576594
