215
925816
602980
287004
273624
986048
393925
272731
241691
699618
542573
141739
597602
687658
788948
652137
900835
264372
537444
173859
697452
211459
237213
886569
635307
117518
663580
505258
584155
900938
418401
626731
357243
885659
691162
654571
845022
409441
393609
810930
196335
582547
748716
871014
56446
404990
748598
135017
805672
247518
343299
526967
253648
355969
826996
183354
889041
623361
730291
533855
375638
785865
29430
907225
420073
149684
870061
907054
238697
549244
339148
878028
473638
665558
667458
394305
311000
159306
570260
131485
336485
128902
264271
177607
390058
361555
761829
929792
973742
538066
536763
596725
813713
437574
851753
371674
112903
471749
740429
560320
785451
899713
910053
596360
451882
174677
418084
699842
407681
904074
900676
504909
507044
451060
851529
863731
546333
721005
694787
350591
690681
343993
580103
309654
692731
719032
665319
387372
737576
108701
417978
180964
107135
13418
914137
328097
672311
655966
791563
675779
163354
106594
81107
533512
598575
69156
430224
323943
686255
415490
213820
400375
327906
354013
417620
254352
530541
714444
74582
462355
675040
689450
239025
758545
142843
917056
715106
68991
761354
321048
54088
19491
426719
371690
762931
157237
846349
231499
937475
222211
494587
445431
933320
491191
19735
38613
586740
362769
184908
251842
972509
258749
172576
440105
981621
86838
460258
993003
976365
766771
594611
553845
662560
901309
527192
211338
417999
187651
802601
222432
955991
174201
654630
269783
890872
650742
