130
180006
360893
590195
556368
662186
905480
334861
557788
383050
422518
458250
184811
818780
242321
984468
509637
533484
534985
129209
117596
698067
529915
957835
570679
218793
130880
773928
132500
538567
222249
414934
540287
527547
193613
706111
566974
334609
432112
807946
990303
442348
644151
785917
342989
590233
699080
589691
313094
188517
498556
626706
629563
255315
726047
96735
705680
156187
825596
564323
26845
883556
612168
412403
264669
169761
982174
613953
59262
438777
904236
520526
325058
923914
364702
251517
393444
747692
158500
823777
641480
947088
224284
28261
149216
28072
438842
356091
968249
901845
2068
493140
704310
744850
319504
978886
158562
242134
460379
806209
240701
285662
664063
322110
603853
641860
411958
255368
592928
878568
562719
768769
339050
748172
169144
729837
183299
81456
453994
804747
709646
781447
77825
614162
313368
911158
717595
194632
305194
768327
719983
