193
588751
656498
717158
851244
110795
222200
687492
806699
976942
51889
995907
112418
493110
728008
433261
781871
251297
67615
319439
359879
832430
930547
984726
533548
439980
154186
226201
782148
940573
951063
392254
184084
149110
246106
678109
187973
655028
991948
307242
440504
903122
916370
937925
203397
162214
58372
578593
818114
724977
873689
665560
43614
397050
883855
221973
844618
88984
995986
774723
494948
631776
635751
160968
838610
802646
800517
505810
547199
632756
106086
446073
298281
108301
146303
689731
235152
99529
917139
877291
699166
505828
316736
266938
16814
492933
31125
476160
556208
767191
252160
639088
249277
329080
897268
348085
670280
333225
326259
4314
81583
611933
103443
267673
145764
569395
639601
451871
434997
580590
655000
311521
400593
279223
867893
944263
900447
191066
787367
20629
685144
163524
713344
308225
522051
843559
221082
149466
499777
55933
716343
827143
806307
569730
239393
641265
526301
975839
435288
376194
119288
422319
806200
503552
676051
511492
760638
351386
499951
521221
435033
816488
467867
788723
877842
798886
766961
859280
601489
439863
427093
886855
588028
993567
560444
48970
251228
799121
29768
6858
913315
134386
59415
612065
692260
918552
17731
299743
993746
671953
162864
419044
928459
929360
440319
780059
768175
356333
924883
329709
485234
914393
199768
295289
