252
118 421
716 722
231 716
780 780
147 25
792 553
239 583
338 539
228 578
937 194
219 38
947 3
687 576
135 69
585 874
650 292
699 22
77 266
233 658
383 818
545 585
477 956
553 717
174 0
761 38
919 108
663 192
554 668
401 38
598 562
379 126
181 773
161 363
990 410
164 101
88 550
630 540
1 201
636 535
365 750
732 69
249 586
821 597
879 869
358 467
215 822
950 505
977 962
941 276
260 508
291 674
847 457
856 294
158 430
787 792
907 675
145 126
490 510
641 56
436 737
450 942
997 753
371 409
300 237
327 280
493 219
613 914
708 25
405 882
786 246
282 768
838 137
908 602
419 637
703 760
494 664
534 923
742 645
258 879
933 421
691 983
974 326
397 570
170 508
187 847
615 350
177 146
558 905
737 805
597 905
301 930
370 808
436 989
637 279
797 244
238 380
523 402
422 823
182 699
181 96
569 787
429 603
227 370
77 494
431 220
627 282
373 798
382 237
291 228
25 624
350 747
632 732
981 707
302 253
187 953
605 718
506 356
429 410
427 383
249 328
839 24
531 1000
285 311
432 251
738 217
4 872
821 447
648 364
401 255
50 497
571 874
933 407
680 665
521 719
352 245
559 761
524 790
910 506
52 843
582 636
111 343
64 817
678 78
684 656
555 438
182 560
264 970
13 324
670 594
340 538
626 817
457 519
140 588
414 751
886 617
306 46
104 685
912 719
132 144
906 18
597 284
44 477
713 534
520 510
244 285
4 265
926 428
461 998
569 273
982 36
344 742
410 856
915 119
204 220
988 725
257 92
118 400
166 818
104 431
121 754
515 771
911 667
38 870
644 927
548 657
558 821
241 22
637 850
628 163
832 847
592 365
317 90
506 872
725 620
209 639
18 219
232 146
439 302
635 280
31 30
803 353
167 928
413 545
450 447
363 717
428 723
650 808
436 96
828 995
693 678
464 544
223 52
761 313
612 556
720 261
761 615
269 990
328 487
143 690
921 814
989 850
175 463
273 728
547 27
120 745
182 97
650 132
462 307
46 187
921 744
243 278
74 498
340 226
262 683
444 365
505 646
322 887
184 255
141 239
399 917
775 993
240 290
631 351
496 102
602 191
691 442
774 782
956 936
250 731
946 854
34 320
522 289
