110
455 705
970 433
40 132
784 540
758 407
403 22
14 627
258 942
756 563
731 415
113 8
956 298
106 75
479 39
909 985
658 178
26 192
858 679
479 764
937 287
603 159
413 399
811 895
795 462
773 640
780 224
620 214
353 895
72 496
398 942
328 103
730 803
931 87
802 865
791 920
652 626
80 733
524 746
679 657
608 259
231 843
454 805
78 912
753 338
773 972
665 97
554 653
185 238
649 700
202 675
987 536
207 587
949 709
74 527
991 25
768 677
707 153
825 577
923 915
26 747
333 479
270 992
427 108
926 743
442 702
936 675
818 797
263 546
348 275
40 536
321 470
456 205
18 264
895 245
278 429
46 379
688 492
493 308
228 209
79 723
411 779
996 961
823 366
261 258
797 433
299 486
489 715
501 770
955 802
462 69
547 895
576 207
336 96
675 194
324 492
750 211
949 157
448 494
39 967
309 312
123 681
127 501
588 318
222 11
107 860
973 390
397 772
862 541
126 185
178 838
