282
540 223
344 860
759 172
422 335
678 332
470 200
454 716
428 353
475 182
155 843
26 391
975 197
957 951
774 375
538 170
239 90
944 256
452 699
796 116
741 494
844 581
690 189
310 322
304 40
447 134
15 547
877 633
609 214
170 703
976 505
853 297
170 595
933 548
79 698
345 854
330 194
854 14
613 62
332 488
605 509
464 766
907 966
682 62
130 824
432 68
215 82
9 491
207 542
455 677
127 985
87 671
816 583
646 362
944 151
863 609
236 249
898 956
880 442
343 233
317 651
762 851
756 379
675 480
887 20
981 694
204 464
836 159
61 113
531 684
149 176
926 110
157 417
581 606
49 690
972 226
388 314
827 73
425 518
654 987
380 283
513 758
256 974
435 370
444 553
294 422
101 450
615 944
156 445
894 444
454 709
974 904
917 793
75 858
847 875
580 48
185 543
117 646
697 173
614 184
779 378
130 161
704 514
63 126
333 558
816 734
908 773
831 888
31 896
704 964
331 772
2 567
939 971
614 362
714 747
603 921
488 347
352 702
928 156
432 909
551 117
467 825
795 782
576 107
476 36
434 225
194 807
190 282
295 229
565 40
92 949
963 17
124 0
693 95
147 698
465 176
321 179
626 251
481 931
585 177
537 184
564 728
856 858
909 17
978 202
490 131
384 838
421 538
413 88
217 317
457 647
486 978
964 695
907 83
878 944
676 951
122 45
921 808
435 312
746 178
714 462
690 769
851 498
749 603
659 89
951 773
820 706
995 395
192 241
917 425
831 496
807 499
144 647
113 316
990 300
328 412
618 913
774 539
30 591
303 523
644 483
859 160
326 723
551 453
117 298
5 679
217 629
364 417
909 917
984 273
258 568
825 269
374 884
148 217
932 7
395 185
83 933
974 215
972 853
159 39
697 519
88 431
828 263
445 333
953 692
785 434
801 999
733 206
579 879
57 12
463 777
187 528
460 27
90 52
448 592
201 587
513 658
858 248
159 604
951 357
656 437
183 306
490 338
431 735
528 522
782 917
161 878
492 480
723 574
575 634
201 814
887 344
539 814
544 287
394 154
124 99
190 777
970 335
298 578
260 845
214 516
226 190
815 523
671 197
741 736
593 748
760 3
399 153
954 241
855 952
526 394
589 973
73 698
727 937
118 192
346 526
709 571
965 58
421 475
75 875
589 317
511 615
679 684
437 888
726 801
169 380
818 669
771 775
316 989
980 967
160 185
322 378
874 445
527 656
638 957
207 373
202 929
480 421
50 165
507 517
173 888
419 244
467 150
