297
216 992
489 283
855 438
309 170
176 130
512 17
613 726
495 703
77 341
830 88
210 109
635 580
938 759
117 90
907 698
118 792
383 84
161 777
639 390
906 505
357 564
715 324
803 199
18 799
782 306
494 566
52 542
108 842
363 410
578 712
369 159
892 986
758 44
782 365
426 370
798 843
498 418
466 762
562 871
355 642
306 451
963 516
2 482
789 38
978 199
544 413
380 927
139 677
700 548
513 21
970 363
209 79
436 613
133 783
763 759
99 553
133 424
263 409
185 475
965 823
317 463
685 820
508 744
396 103
866 342
647 737
876 871
830 541
41 346
25 58
539 285
300 980
597 422
95 594
330 547
429 918
711 903
947 730
64 666
145 647
244 330
544 129
588 253
140 57
170 36
861 603
65 687
206 164
351 791
606 926
826 828
528 623
419 323
439 358
192 921
779 120
718 913
818 776
970 333
191 515
993 919
660 191
334 712
921 967
678 51
855 618
155 705
681 862
968 217
221 972
36 428
730 486
312 809
627 617
592 417
300 624
520 413
875 433
445 912
485 215
454 410
909 231
828 332
17 909
193 438
377 671
462 518
265 655
830 607
200 5
795 584
858 112
165 654
73 111
582 663
671 291
281 421
204 598
169 877
131 180
330 441
816 145
832 386
805 524
447 957
519 448
915 863
929 373
219 113
804 656
848 496
633 752
191 617
160 124
799 855
581 461
94 631
331 193
607 121
322 709
320 732
229 483
459 555
245 445
451 215
557 770
313 533
684 341
651 715
630 714
748 449
515 681
726 995
841 440
905 807
34 241
392 968
482 665
865 271
446 661
192 810
803 549
764 574
369 617
521 337
972 574
455 140
474 160
26 432
142 674
555 599
235 916
418 924
225 273
560 128
254 182
396 212
385 696
838 10
123 553
86 333
729 388
770 647
308 354
196 358
732 619
422 555
173 408
701 472
393 136
981 508
729 46
713 882
595 577
472 162
769 392
326 915
150 880
652 714
9 46
241 95
937 418
835 49
13 110
902 842
616 925
523 868
953 98
634 793
957 594
270 987
664 697
514 556
164 723
584 753
676 745
704 209
97 605
541 209
42 966
726 201
450 279
456 888
22 223
396 645
853 156
882 464
299 994
757 716
345 347
582 831
871 464
995 761
157 641
830 228
762 238
177 658
651 128
448 61
772 265
441 877
325 400
625 128
116 105
916 512
997 934
235 669
581 683
762 38
381 394
109 866
401 977
679 516
553 230
26 268
108 167
645 408
920 909
550 544
598 51
484 751
177 673
176 376
936 129
386 895
266 655
142 199
79 548
297 125
595 183
97 704
166 522
736 562
411 765
771 774
797 440
640 269
