200
942 457
916 906
558 18
851 682
95 745
925 858
828 135
818 531
335 146
351 875
413 868
699 985
769 672
289 273
85 446
889 545
499 262
791 631
778 105
814 983
747 524
470 971
492 433
357 539
464 341
501 559
998 174
92 229
802 663
834 153
32 212
654 626
479 414
130 600
82 332
213 739
848 745
867 735
776 840
362 245
597 569
406 809
97 846
801 967
90 356
221 954
78 23
204 186
636 849
160 874
357 293
372 578
248 185
813 685
103 877
623 864
935 223
843 554
820 979
178 86
760 715
993 598
735 200
623 31
137 658
971 222
512 781
994 134
283 303
945 353
73 142
171 227
151 746
39 711
479 338
620 837
754 225
781 521
173 622
823 534
828 339
338 671
745 448
578 566
403 613
622 585
309 46
912 644
161 200
231 968
495 582
433 819
420 434
585 971
749 717
127 46
829 135
265 159
639 177
232 80
190 915
843 294
266 85
83 57
348 295
614 285
576 866
802 667
345 932
817 403
941 931
67 530
53 514
489 250
824 920
827 111
332 493
34 915
624 182
716 305
845 797
758 900
875 370
270 317
399 631
439 325
270 617
416 582
171 562
157 480
874 620
94 24
171 492
47 782
471 916
334 360
577 476
921 725
749 315
321 507
771 572
481 222
435 113
286 677
665 648
161 754
825 308
299 462
209 408
612 597
258 837
352 953
175 495
514 864
518 91
463 72
315 52
627 748
919 633
439 365
5 457
410 362
729 469
835 702
467 865
869 416
856 666
831 169
893 207
177 343
501 5
629 17
453 150
103 654
828 114
11 661
919 78
818 498
67 286
400 567
629 576
547 619
262 278
488 563
416 807
394 688
649 85
751 159
707 595
658 74
765 643
61 318
236 410
952 640
345 766
970 689
643 477
816 335
956 956
402 693
