264
286 83
660 3
671 49
752 632
98 768
562 610
95 328
488 738
226 414
231 780
558 257
583 386
264 117
266 585
768 799
670 872
634 531
779 373
721 140
523 580
765 192
323 396
454 113
95 962
366 801
191 421
722 548
240 208
349 454
169 18
484 911
401 866
82 307
79 645
22 275
219 401
853 238
833 593
883 225
976 38
676 296
633 163
231 659
877 906
756 907
350 488
535 503
466 170
544 298
12 456
594 415
752 280
75 93
175 455
282 103
241 398
320 901
986 875
240 700
124 251
963 362
869 840
180 172
561 991
266 513
292 425
736 859
273 448
441 872
724 96
605 829
795 104
944 591
347 286
303 258
943 119
304 222
831 556
210 267
212 209
390 846
219 261
444 574
710 918
387 746
696 99
710 894
373 834
903 372
500 556
583 25
409 985
811 277
25 905
636 249
305 175
964 290
119 898
719 946
719 56
123 921
392 77
892 612
500 727
805 446
193 789
853 971
132 9
522 18
927 535
487 881
610 407
68 736
329 552
359 714
368 118
782 81
32 480
591 83
659 775
614 111
498 324
998 914
323 850
69 680
430 233
73 449
735 52
37 723
553 549
92 246
630 613
430 42
412 400
866 50
537 322
415 423
786 70
142 741
667 154
452 685
360 327
131 611
904 892
304 156
30 976
958 799
561 491
274 33
902 668
147 558
63 428
58 189
424 522
702 105
2 996
818 663
720 0
252 698
527 619
35 635
268 925
517 435
604 795
324 665
281 72
981 601
423 143
702 958
7 961
53 808
425 635
966 360
50 806
320 706
378 613
429 551
772 971
659 856
186 905
440 154
563 659
978 654
915 2
735 947
364 929
41 541
473 92
212 852
1000 88
96 408
962 210
403 654
885 600
577 160
379 636
680 992
541 622
261 773
324 933
769 3
360 169
342 202
655 525
370 223
759 439
119 174
326 882
562 167
260 605
438 789
294 350
671 953
8 246
1 438
543 110
610 81
567 978
975 95
798 477
121 214
13 419
909 177
494 835
429 397
298 199
841 285
438 716
561 553
14 375
758 107
795 986
948 198
1000 354
992 788
542 210
17 595
371 790
44 861
869 900
167 863
6 43
440 665
766 0
639 839
333 347
493 365
573 18
121 614
649 911
446 54
945 948
641 957
504 557
640 419
156 791
368 651
864 920
729 160
946 533
124 537
243 253
814 729
424 23
