125
691 128
476 917
774 457
792 153
913 174
3 256
573 586
833 547
986 309
353 65
513 846
974 484
567 940
970 537
371 80
841 603
387 130
46 100
420 199
806 402
79 504
431 371
410 208
771 268
456 472
595 568
283 261
383 803
311 369
807 300
708 609
712 429
641 120
178 392
47 855
132 985
402 166
639 438
994 798
487 648
203 854
304 869
620 626
245 593
370 404
912 532
47 783
151 608
880 253
163 422
741 289
573 684
358 372
456 447
587 881
742 232
277 243
432 118
979 77
74 651
664 140
80 499
446 247
903 806
756 564
378 750
448 566
202 592
451 618
576 509
509 983
159 139
455 251
139 917
32 270
148 453
787 246
482 356
207 41
528 463
231 329
879 251
488 703
164 203
870 577
241 952
221 62
727 591
848 150
157 238
839 750
837 629
215 707
530 298
565 315
344 591
179 738
804 796
319 997
35 862
2 841
252 853
303 915
900 756
891 469
767 887
961 32
584 460
725 645
497 637
545 77
416 741
159 49
746 597
242 266
771 716
599 777
134 437
36 992
455 544
33 402
663 579
837 817
682 421
402 48
