231
322 51
501 256
815 85
959 532
130 215
715 798
787 960
979 893
247 142
305 996
662 920
6 542
983 36
211 552
476 375
379 230
287 185
655 41
197 364
443 492
763 53
551 572
26 273
675 378
305 267
971 854
943 689
548 944
661 977
262 841
909 13
444 631
577 129
142 413
937 698
932 370
948 945
954 317
132 673
305 795
368 850
152 184
373 155
498 297
965 431
560 96
62 621
300 365
926 147
604 437
232 183
228 875
605 782
168 231
529 361
498 503
942 960
317 55
293 986
529 752
223 8
438 992
625 391
837 117
148 921
280 908
64 770
165 1
622 806
726 231
25 406
678 308
176 433
728 0
496 968
859 13
55 690
231 874
569 495
431 672
790 593
864 315
226 276
960 751
653 658
132 960
439 308
586 16
533 527
383 795
351 70
180 806
334 757
655 679
855 826
643 798
343 865
516 244
802 944
82 903
107 154
666 876
727 790
629 352
340 545
194 388
377 194
989 28
221 53
828 287
337 951
221 288
56 395
709 338
629 194
355 941
667 638
856 454
223 370
734 291
576 554
430 78
794 619
818 122
566 316
285 345
974 995
84 216
774 622
636 371
806 566
256 293
813 59
310 868
44 343
351 430
239 780
165 74
173 516
649 301
326 634
259 269
873 566
477 196
714 461
950 818
967 521
288 212
659 47
650 160
129 929
403 773
880 679
564 368
790 837
289 730
402 470
124 162
167 582
694 408
621 862
815 339
530 820
960 561
915 492
167 792
103 246
361 962
907 567
588 295
669 911
978 728
894 988
804 811
527 542
54 367
623 407
139 392
10 155
8 471
227 912
833 53
672 364
68 286
98 709
451 916
25 858
117 865
225 229
671 974
829 200
162 584
572 337
584 847
307 968
780 579
603 596
76 228
980 508
17 253
896 83
825 878
507 452
938 368
757 315
135 949
147 582
992 634
732 137
710 214
691 728
58 11
45 164
936 693
318 819
237 943
644 30
690 904
523 375
333 51
358 855
495 998
547 977
895 398
956 908
122 149
670 338
758 345
300 344
716 191
442 19
