153
994 319
285 349
348 744
312 692
788 840
577 466
104 263
217 822
707 211
514 140
58 609
647 352
732 495
364 857
447 113
126 389
629 343
277 72
712 759
979 517
183 462
851 384
575 174
702 887
108 520
518 479
242 788
954 66
543 854
75 711
704 292
105 758
801 930
889 79
372 180
602 945
533 711
554 536
627 224
447 59
78 263
704 268
275 962
400 647
633 643
140 607
514 819
350 840
795 813
160 878
927 193
715 605
825 918
420 248
37 956
638 922
253 266
927 515
352 203
806 428
145 475
585 257
199 712
758 211
187 81
192 592
628 535
814 503
884 136
322 588
289 789
958 382
971 722
767 501
146 101
369 780
634 174
15 853
571 136
61 171
758 558
875 512
727 897
593 168
75 270
300 191
78 281
258 527
852 689
274 325
177 865
450 24
992 807
347 332
446 539
62 711
847 412
901 280
372 974
484 278
159 337
381 263
913 464
785 220
336 424
149 243
884 584
447 161
778 575
794 713
802 958
819 321
463 359
29 53
532 519
928 601
666 426
839 95
911 198
722 852
737 60
892 932
654 212
844 151
237 918
381 317
157 935
482 944
682 863
24 864
460 815
216 574
11 253
254 353
559 341
771 265
666 945
228 245
156 515
708 566
767 444
666 790
105 391
708 543
340 771
30 473
51 220
552 708
501 304
763 26
552 138
753 834
844 930
