262
111 996
922 167
346 486
732 715
190 878
781 21
988 799
332 35
959 545
284 840
410 431
853 651
934 904
326 627
602 73
843 929
700 798
804 67
54 883
860 69
51 13
674 384
97 331
899 932
352 52
662 379
253 36
75 643
719 311
381 32
409 242
402 238
164 749
66 161
340 43
765 333
331 614
912 993
925 71
571 86
204 341
547 664
925 797
924 817
843 671
920 954
574 834
542 402
255 892
165 250
752 11
104 634
512 989
192 376
210 935
119 860
463 631
473 770
106 696
470 425
667 688
806 169
918 166
95 201
84 33
455 767
873 300
688 400
395 503
916 542
682 378
610 359
260 980
706 829
178 330
720 770
632 27
920 149
35 780
754 894
777 845
599 673
489 64
314 657
837 401
858 797
619 17
484 72
665 142
35 47
9 807
410 176
83 132
570 306
653 689
43 354
167 521
258 916
551 3
395 300
632 998
953 999
912 567
195 974
129 648
929 577
847 31
365 686
71 639
870 60
943 805
611 740
354 562
533 92
574 147
197 159
147 6
688 7
428 504
639 563
557 708
449 570
615 491
775 881
968 558
929 828
78 695
643 556
841 240
64 404
777 232
103 703
578 765
155 580
343 913
34 24
211 736
37 219
1000 948
65 38
3 869
981 911
713 572
806 292
302 278
549 726
772 172
162 759
674 758
838 665
240 203
762 126
393 71
655 627
955 222
509 304
371 49
962 367
232 628
773 992
293 416
794 106
989 930
913 959
423 912
926 370
829 881
739 817
620 628
400 576
511 369
935 333
705 956
829 947
342 626
230 779
887 763
285 581
280 427
919 671
129 523
212 643
182 864
137 596
543 297
175 947
667 179
860 788
30 672
422 499
691 990
777 55
312 637
837 549
618 705
684 349
754 93
666 163
110 727
98 403
12 926
786 260
575 472
672 571
881 673
879 416
159 236
395 520
158 195
18 897
392 716
329 882
557 704
152 236
975 809
183 52
465 786
72 854
213 364
205 824
503 315
718 468
572 321
430 823
807 621
96 313
340 895
402 836
461 144
309 811
461 405
853 893
867 354
570 795
337 254
265 46
707 136
822 510
453 721
259 509
219 304
185 733
595 578
13 338
673 454
864 488
836 949
133 685
359 365
521 525
690 104
735 746
177 557
637 806
561 237
830 496
520 864
852 151
920 809
473 878
181 702
883 93
