123
970096
572124
866116
892292
962584
406023
871949
53442
503178
721293
180966
114223
464976
238104
675070
68981
580745
331335
181563
571869
237118
669304
757959
212660
992815
326269
260927
728125
519295
536832
175377
865467
909200
14800
175173
569454
225366
328606
640393
707881
128200
986278
475909
175601
569960
320872
279064
920570
881581
684163
507256
632442
299697
383583
65894
228022
79158
107801
856303
620207
888580
41227
371627
603325
117377
74734
557826
890465
444520
102277
777988
513782
522225
223705
797716
129365
159342
900415
800734
737181
517822
537184
724293
899447
887513
851978
667522
632920
381935
643207
630029
42283
683748
251644
510159
976534
634549
30135
209834
437244
542892
161582
193401
69557
872630
957961
968779
898254
927974
882342
665819
749630
553363
334767
733154
882049
632139
950612
811308
479407
435520
553174
945393
