274
610519
474444
178254
729893
472353
773674
791185
880668
410925
564887
765213
340817
130255
34001
183378
938816
172385
725552
857294
615758
714537
987678
746591
939031
547409
878803
872673
274455
25004
885846
172792
97723
962101
928156
296850
484369
350534
674844
680179
536265
582848
354074
484536
210704
373943
761282
845886
389458
187506
456744
349356
339681
630539
873221
745148
250294
626121
556184
183203
862860
407099
785810
961715
379220
232169
475200
235027
945776
663976
576401
168732
179299
636960
279523
392212
33782
334168
962641
319123
31587
142077
945901
788810
811765
463727
740184
382382
825724
42743
434757
813026
156802
371956
725243
646672
952244
874884
315762
118419
50747
361674
161465
728056
593399
110563
342243
599829
332443
255623
691358
438377
247308
810531
364819
745969
288046
196932
580377
831615
138639
921363
743113
87556
603899
944022
660285
387916
958012
804860
981508
31884
139612
862547
225493
782579
908454
108423
673294
868085
491723
147801
339752
472142
564906
924608
782779
16982
751395
232194
479560
987994
819794
273651
826425
902478
385014
414211
508780
912309
480323
401982
280815
498392
555644
268864
173249
794381
991914
999404
987729
735950
989145
226883
501873
92791
846448
233728
345913
936148
112594
719094
83189
181767
478910
900278
399423
3197
930091
97192
288563
728239
311788
791611
377172
594756
597225
210757
11936
198299
471623
858151
949003
412600
582813
819073
785201
216876
235028
118526
677124
356439
927793
685860
326505
292039
787282
496008
174515
714777
136849
110329
792765
641736
11053
781342
458990
488671
245631
760868
972628
647420
584194
294465
622917
272681
515984
570308
850702
648240
131969
178597
110907
461943
424505
441009
258508
725603
561369
565358
268311
830856
420717
185942
593072
485434
289859
690514
480627
540004
954603
666170
800399
140994
730917
287033
378679
554733
634984
576392
437980
244491
42993
589832
938123
