221
285110
664079
409364
51484
289611
941271
98885
593336
827947
767126
952432
691077
839352
749443
564622
945913
818302
856372
256922
131476
80118
801558
988891
861337
82882
994310
704047
258926
218280
683876
887519
601178
163330
985742
741511
784502
361260
264017
875609
436401
653600
865485
550220
47854
662728
776743
842580
143815
418708
270433
417288
654530
956371
137824
655105
790879
565268
84634
624093
61586
884252
795597
743588
383632
887293
66746
142055
419646
203200
285653
399014
349044
451108
795423
353447
853430
469357
19751
741349
2697
711226
574673
87227
376558
429554
866467
821271
589741
118635
934674
923419
151767
764580
469392
635202
711272
745856
412868
502556
827183
303698
458509
189410
864086
115298
894003
791917
337842
961108
36296
417012
68625
567782
557263
358833
702033
123497
110482
786655
505782
552136
8739
64345
672560
551506
935230
646879
894492
93461
625351
24308
56130
487917
263472
999036
13687
349811
342630
111399
707720
263737
293480
30645
232743
698887
171179
280011
332438
225487
895290
174409
482799
211210
911713
425621
389395
327844
318071
661709
822661
951012
756211
734856
745784
760607
977026
482610
776624
429333
731527
972140
767192
598387
747455
79174
207830
93708
687021
436719
599316
88681
930220
602643
183722
411727
661709
484556
907892
891609
695435
371791
80542
942578
133609
174779
756997
617850
282795
699890
998969
641902
932851
235897
150318
724332
662794
488291
127509
956815
931439
778649
208499
625181
466353
770745
188311
878979
352492
128976
234358
525515
