152
377671
949654
373851
928197
92702
631609
798185
478748
852341
70595
890770
628993
596792
235909
81513
676314
574457
408910
791305
430274
596010
63478
433555
621325
148684
767963
491045
834116
605725
502185
139344
474557
680722
93205
787974
524585
153103
963737
167019
964144
988962
766967
394570
404216
670213
437914
995464
869502
326205
66172
13924
723577
760444
973562
55807
935590
75666
740147
425758
54849
794740
755507
949730
550392
187118
353128
384318
135464
953294
310217
425939
140281
587976
74496
306891
720940
780258
114466
764946
633461
883205
839365
878541
193886
43453
417957
972977
43228
771441
962519
218500
255313
876169
883330
105664
671292
831740
949367
793286
894735
699618
876210
911663
231199
41118
742803
930765
49995
392710
738516
167609
601007
547886
945836
92188
216781
510813
135754
986434
864458
770529
308230
543138
984652
74972
741941
526900
388373
197933
313463
201037
368611
14827
696169
675395
267056
657037
227916
736435
595970
294823
367787
588039
886097
497603
643132
945381
956915
215269
407508
37713
718777
